pose.json
[
    {
        "image_id": [
            "0619_freepik_v2_01a1174a3a_2_12",
            ".png"
        ],
        "image_size": [
            1655,
            2480
        ],
        "detect_boxes": [
            [
                882.5629272460938,
                -137.41851806640625,
                2703.8369140625,
                1683.85546875
            ]
        ],
        "detect_poses": [
            [
                [
                    [
                        0.9926607608795166,
                        -0.12044097483158112,
                        -0.010885901749134064
                    ],
                    [
                        0.10544350743293762,
                        0.817935585975647,
                        0.5655644536018372
                    ],
                    [
                        -0.059213168919086456,
                        -0.5625615119934082,
                        0.8246322870254517
                    ]
                ],
                [
                    [
                        0.9947807192802429,
                        0.013621288351714611,
                        0.10112270712852478
                    ],
                    [
                        -0.0709289014339447,
                        0.8047566413879395,
                        0.5893521308898926
                    ],
                    [
                        -0.0733514353632927,
                        -0.5934486389160156,
                        0.8015225529670715
                    ]
                ],
                [
                    [
                        0.9982137680053711,
                        0.023612286895513535,
                        -0.05487960949540138
                    ],
                    [
                        -0.04725018888711929,
                        0.8741640448570251,
                        -0.48332661390304565
                    ],
                    [
                        0.03656133636832237,
                        0.4850563406944275,
                        0.87371826171875
                    ]
                ],
                [
                    [
                        0.9824332594871521,
                        0.156971737742424,
                        -0.10091953724622726
                    ],
                    [
                        -0.13703013956546783,
                        0.23970192670822144,
                        -0.9611273407936096
                    ],
                    [
                        -0.1266792267560959,
                        0.9580724835395813,
                        0.25700101256370544
                    ]
                ],
                [
                    [
                        0.9910003542900085,
                        -0.1255827248096466,
                        0.04633865877985954
                    ],
                    [
                        0.07306165993213654,
                        0.21739113330841064,
                        -0.9733463525772095
                    ],
                    [
                        0.11216187477111816,
                        0.9679721593856812,
                        0.22460997104644775
                    ]
                ],
                [
                    [
                        0.9982255697250366,
                        0.016943398863077164,
                        -0.057085104286670685
                    ],
                    [
                        -0.020175261422991753,
                        0.9981974959373474,
                        -0.056522566825151443
                    ],
                    [
                        0.05602452531456947,
                        0.05757397785782814,
                        0.9967681169509888
                    ]
                ],
                [
                    [
                        0.9780552387237549,
                        -0.01413447130471468,
                        0.20786572992801666
                    ],
                    [
                        -0.031897787004709244,
                        0.9757753610610962,
                        0.21643714606761932
                    ],
                    [
                        -0.2058894783258438,
                        -0.2183179408311844,
                        0.9539113640785217
                    ]
                ],
                [
                    [
                        0.9870054721832275,
                        0.006026629824191332,
                        -0.16057318449020386
                    ],
                    [
                        0.02500906214118004,
                        0.9813575148582458,
                        0.19055698812007904
                    ],
                    [
                        0.15872812271118164,
                        -0.19209657609462738,
                        0.9684545397758484
                    ]
                ],
                [
                    [
                        0.9969112873077393,
                        0.0061577861197292805,
                        -0.0782942995429039
                    ],
                    [
                        -0.009266003035008907,
                        0.9991806745529175,
                        -0.03939800709486008
                    ],
                    [
                        0.07798754423856735,
                        0.04000179097056389,
                        0.9961515665054321
                    ]
                ],
                [
                    [
                        0.9869239330291748,
                        -0.13862216472625732,
                        0.08225051313638687
                    ],
                    [
                        0.11424069851636887,
                        0.9615414142608643,
                        0.24977430701255798
                    ],
                    [
                        -0.11371152848005295,
                        -0.2371118813753128,
                        0.9648045301437378
                    ]
                ],
                [
                    [
                        0.9858977794647217,
                        0.16640853881835938,
                        -0.017712580040097237
                    ],
                    [
                        -0.16010507941246033,
                        0.96872878074646,
                        0.18955455720424652
                    ],
                    [
                        0.0487021803855896,
                        -0.18404555320739746,
                        0.9817104339599609
                    ]
                ],
                [
                    [
                        0.9969085454940796,
                        -0.07176949083805084,
                        -0.03197614103555679
                    ],
                    [
                        0.06573624163866043,
                        0.9847824573516846,
                        -0.16087955236434937
                    ],
                    [
                        0.04303578659892082,
                        0.15828020870685577,
                        0.9864559173583984
                    ]
                ],
                [
                    [
                        0.835099995136261,
                        0.4048141539096832,
                        -0.37246936559677124
                    ],
                    [
                        -0.38967016339302063,
                        0.9132484197616577,
                        0.11888854950666428
                    ],
                    [
                        0.388284832239151,
                        0.04585636779665947,
                        0.9203977584838867
                    ]
                ],
                [
                    [
                        0.884695291519165,
                        -0.34789904952049255,
                        0.3102908730506897
                    ],
                    [
                        0.3363895118236542,
                        0.9372443556785583,
                        0.09173388034105301
                    ],
                    [
                        -0.32273247838020325,
                        0.023222066462039948,
                        0.9462052583694458
                    ]
                ],
                [
                    [
                        0.9975335597991943,
                        -0.02036311849951744,
                        -0.06717217713594437
                    ],
                    [
                        0.007277468219399452,
                        0.9818403124809265,
                        -0.18956978619098663
                    ],
                    [
                        0.0698125883936882,
                        0.18861337006092072,
                        0.9795668721199036
                    ]
                ],
                [
                    [
                        0.5051860213279724,
                        0.714670717716217,
                        -0.4837695062160492
                    ],
                    [
                        -0.7682308554649353,
                        0.6278073787689209,
                        0.1252167820930481
                    ],
                    [
                        0.39320284128189087,
                        0.308388888835907,
                        0.8661916255950928
                    ]
                ],
                [
                    [
                        0.49723750352859497,
                        -0.7937688231468201,
                        0.35026535391807556
                    ],
                    [
                        0.8169280290603638,
                        0.5643055438995361,
                        0.11911240220069885
                    ],
                    [
                        -0.2922043800354004,
                        0.2269144356250763,
                        0.9290458559989929
                    ]
                ],
                [
                    [
                        0.6582891941070557,
                        -0.21731150150299072,
                        -0.7207156419754028
                    ],
                    [
                        0.004886670969426632,
                        0.9586377739906311,
                        -0.2845868170261383
                    ],
                    [
                        0.7527492046356201,
                        0.183818519115448,
                        0.632122814655304
                    ]
                ],
                [
                    [
                        -0.08113499730825424,
                        0.4087139070034027,
                        0.9090489745140076
                    ],
                    [
                        -0.2714207172393799,
                        0.8685265183448792,
                        -0.41471973061561584
                    ],
                    [
                        -0.9590348601341248,
                        -0.28038302063941956,
                        0.04046552628278732
                    ]
                ],
                [
                    [
                        0.9893348813056946,
                        -0.14388756453990936,
                        0.022642765194177628
                    ],
                    [
                        0.14565575122833252,
                        0.9763738512992859,
                        -0.15961986780166626
                    ],
                    [
                        0.0008595098624937236,
                        0.16121554374694824,
                        0.9869187474250793
                    ]
                ],
                [
                    [
                        0.9713894128799438,
                        0.229557067155838,
                        -0.06087807938456535
                    ],
                    [
                        -0.2304811030626297,
                        0.9730395078659058,
                        -0.008522078394889832
                    ],
                    [
                        0.05728047341108322,
                        0.022309502586722374,
                        0.9981088638305664
                    ]
                ],
                [
                    [
                        0.9616796970367432,
                        0.2461293637752533,
                        -0.1207994669675827
                    ],
                    [
                        -0.21163466572761536,
                        0.9464886784553528,
                        0.24365928769111633
                    ],
                    [
                        0.17430703341960907,
                        -0.20875683426856995,
                        0.9623084664344788
                    ]
                ],
                [
                    [
                        0.9632267951965332,
                        -0.2565528452396393,
                        0.07984264194965363
                    ],
                    [
                        0.23997828364372253,
                        0.9550909399986267,
                        0.17381499707698822
                    ],
                    [
                        -0.12084971368312836,
                        -0.14826276898384094,
                        0.9815362691879272
                    ]
                ]
            ]
        ],
        "detect_cameraView": [
            [
                0.28820177912712097,
                0.462365984916687,
                22.727453231811523
            ]
        ],
        "global_orient": [
            [
                [
                    [
                        0.8974531888961792,
                        0.2744520306587219,
                        -0.3453315794467926
                    ],
                    [
                        0.20265719294548035,
                        -0.9518929719924927,
                        -0.22984753549098969
                    ],
                    [
                        -0.39180082082748413,
                        0.1362934708595276,
                        -0.9098990559577942
                    ]
                ]
            ]
        ]
    },
...]

dataset.json
[

    {
        "id": "0619_freepik_v2_b588837252",
        "canvas_width": 8000,
        "canvas_height": 5333,
        "preview_path": "0619_freepik_v2_b588837252_preview.png",
        "z": [
            0,
            1,
            2,
            3,
            4,
            5,
            6,
            7,
            8,
            9,
            10,
            11,
            12
        ],
        "type": [
            2,
            4,
            4,
            3,
            3,
            2,
            2,
            2,
            2,
            2,
            2,
            2,
            3
        ],
        "left": [
            0,
            0,
            0,
            0,
            0,
            3424,
            3314,
            4870,
            1895,
            2737,
            1320,
            0,
            0
        ],
        "top": [
            0,
            0,
            0,
            0,
            0,
            1127,
            1145,
            3660,
            1104,
            3781,
            735,
            0,
            0
        ],
        "width": [
            8000,
            0,
            0,
            8000,
            8000,
            3695,
            3777,
            2213,
            3013,
            488,
            2890,
            8000,
            8000
        ],
        "height": [
            5333,
            0,
            0,
            5333,
            5333,
            3428,
            3650,
            1137,
            2577,
            314,
            3378,
            5333,
            5333
        ],
        "image_path": [
            "0619_freepik_v2_b588837252_2_0.png",
            "0619_freepik_v2_b588837252_4_1.png",
            "0619_freepik_v2_b588837252_4_2.png",
            "0619_freepik_v2_b588837252_3_3.png",
            "0619_freepik_v2_b588837252_3_4.png",
            "0619_freepik_v2_b588837252_2_5.png",
            "0619_freepik_v2_b588837252_2_6.png",
            "0619_freepik_v2_b588837252_2_7.png",
            "0619_freepik_v2_b588837252_2_8.png",
            "0619_freepik_v2_b588837252_2_9.png",
            "0619_freepik_v2_b588837252_2_10.png",
            "0619_freepik_v2_b588837252_2_11.png",
            "0619_freepik_v2_b588837252_3_12.png"
        ],
        "layer_names": [
            "FX Highlight",
            "FX Brightness/Contrast",
            "Levels",
            "FX Lights",
            "FX Shadows",
            "Place your design here (Double click to edit)",
            "Magazine color 1",
            "Pages color 1",
            "Place your design here (Double click to edit)",
            "Magazine color 2",
            "Pages color 2",
            "Background color",
            "Background"
        ]
    },
...
]
使用python实现下面功能：
pose.json中存放着大量pose数据，其中imgeid[0]格式为id_type_z,例如0619_freepik_v2_01a1174a3a_2_12，id为0619_freepik_v2_01a1174a3a，type为2，z为12，与dataset.json中的数据对应，
请找到每个pose数据对应的left_pose,top_pose,width_pose,height_pose,z_pose
然后将这个数据和pose数据添加到dataset数据当中，注意每个dataset数据刚好有一个对应的pose数据，detect_poses shape为n*23*3*3,global_orient shape为n*1*3*3
将每一个pose和对应的dataset合成按照下面格式构成新的字典列表保存到json:
    - id
    - length
    - canvas_width
    - canvas_height
    - type:
    - left 
    - top 
    - width 
    - height 
    - z
    - humanlayout: [left_pose,top_pose,width_pose,height_pose,z_pose]
    - numberOfHuman: n
    - body: （detect_poses）
    - cameraview: 
    - root：（global_orient）


例如：

     "id": "59b26df11350e8329300d78c",
        "length": 8,
        "canvas_width": 341,
        "canvas_height": 512,
        "type": [
            2,
            0,
            0,
            1,
            1,
            1,
            1
        ],
        "left": [
            0.11541172116994858,
            0.4326530694961548,
            0.07210884243249893,
            0.4900248646736145,
            0.04407190904021263,
            0.45578232407569885,
            0.45578232407569885
        ],
        "top": [
            0.14724919199943542,
            0.11343012750148773,
            -0.02631578966975212,
            0.9328493475914001,
            0.8411964178085327,
            0.11343012750148773,
            0.03901996463537216
        ],
        "width": [
            0.7759898900985718,
            0.5673469305038452,
            0.07891156524419785,
            0.39727890491485596,
            0.9119712710380554,
            0.5306122303009033,
            0.22993196547031403
        ],
        "height": [
            0.6761930584907532,
            0.06987296044826508,
            1.0526316165924072,
            0.025889968499541283,
            0.09385113418102264,
            0.08090614527463913,
            0.07119741290807724
        ],
        "humanlayout": [
            0.11541172116994858,
            0.14724919199943542,
            0.7759898900985718,
            0.6761930584907532,
            0
        ],
        "numberOfHuman": 1,
        "z": [
            0,
            1,
            2,
            3,
            4,
            5,
            6
        ],
        "body": [
            [
                [
                    [
                        0.9974600076675415,
                        0.0598750002682209,
                        0.038583334535360336
                    ],
                    [
                        -0.046324051916599274,
                        0.9567611217498779,
                        -0.28716257214546204
                    ],
                    [
                        -0.054108891636133194,
                        0.28464585542678833,
                        0.9571046233177185
                    ]
                ],
                [
                    [
                        0.9969702959060669,
                        0.07777168601751328,
                        0.0013694074004888535
                    ],
                    [
                        -0.07712112367153168,
                        0.9906172752380371,
                        -0.112826406955719
                    ],
                    [
                        -0.010131258517503738,
                        0.11237896233797073,
                        0.9936138391494751
                    ]
                ],
                [
                    [
                        0.9958299398422241,
                        -0.014715314842760563,
                        0.09003479033708572
                    ],
                    [
                        0.005263376981019974,
                        0.9945287108421326,
                        0.10433049499988556
                    ],
                    [
                        -0.09107743948698044,
                        -0.10342154651880264,
                        0.9904589056968689
                    ]
                ],
                [
                    [
                        0.9765039682388306,
                        0.01671232096850872,
                        -0.21485047042369843
                    ],
                    [
                        -0.08414116501808167,
                        0.9474210739135742,
                        -0.30872902274131775
                    ],
                    [
                        0.1983942985534668,
                        0.31955286860466003,
                        0.9265666604042053
                    ]
                ],
                [
                    [
                        0.998062789440155,
                        -0.002062413142994046,
                        0.06218113377690315
                    ],
                    [
                        0.027712438255548477,
                        0.9095629453659058,
                        -0.4146411716938019
                    ],
                    [
                        -0.05570249259471893,
                        0.41556110978126526,
                        0.9078580737113953
                    ]
                ],
                [
                    [
                        0.9997620582580566,
                        -0.000881685467902571,
                        0.02179701067507267
                    ],
                    [
                        -0.0031822973396629095,
                        0.9825997948646545,
                        0.1857079118490219
                    ],
                    [
                        -0.02158147469162941,
                        -0.18573309481143951,
                        0.9823631644248962
                    ]
                ],
                [
                    [
                        0.9521849155426025,
                        0.1481868177652359,
                        0.26717865467071533
                    ],
                    [
                        -0.18798579275608063,
                        0.9735305309295654,
                        0.12999854981899261
                    ],
                    [
                        -0.24084249138832092,
                        -0.17400844395160675,
                        0.9548380970954895
                    ]
                ],
                [
                    [
                        0.9463873505592346,
                        -0.18606966733932495,
                        -0.264062762260437
                    ],
                    [
                        0.20337842404842377,
                        0.9783012866973877,
                        0.03954584151506424
                    ],
                    [
                        0.2509746551513672,
                        -0.09113035351037979,
                        0.9636945128440857
                    ]
                ],
                [
                    [
                        0.9986846446990967,
                        -0.05036713555455208,
                        0.0096049252897501
                    ],
                    [
                        0.05081735551357269,
                        0.9972202777862549,
                        -0.054491300135850906
                    ],
                    [
                        -0.006833655294030905,
                        0.054907724261283875,
                        0.9984681010246277
                    ]
                ],
                [
                    [
                        0.9878700971603394,
                        -0.06834732741117477,
                        -0.13943175971508026
                    ],
                    [
                        0.1002182587981224,
                        0.9665034413337708,
                        0.23627816140651703
                    ],
                    [
                        0.11861228942871094,
                        -0.24738574028015137,
                        0.9616295099258423
                    ]
                ],
                [
                    [
                        0.9125247001647949,
                        0.3552989363670349,
                        0.20263594388961792
                    ],
                    [
                        -0.3839007318019867,
                        0.91493159532547,
                        0.12458140403032303
                    ],
                    [
                        -0.1411343812942505,
                        -0.19147570431232452,
                        0.9712972044944763
                    ]
                ],
                [
                    [
                        0.9766466021537781,
                        -0.08173500746488571,
                        -0.19869782030582428
                    ],
                    [
                        0.13220183551311493,
                        0.957626223564148,
                        0.2558803856372833
                    ],
                    [
                        0.1693638563156128,
                        -0.276172935962677,
                        0.9460679292678833
                    ]
                ],
                [
                    [
                        0.8494044542312622,
                        -0.07376636564731598,
                        -0.5225614905357361
                    ],
                    [
                        0.26455017924308777,
                        0.916303277015686,
                        0.300668329000473
                    ],
                    [
                        0.45664557814598083,
                        -0.3936327397823334,
                        0.7978270053863525
                    ]
                ],
                [
                    [
                        0.768609344959259,
                        0.1982959806919098,
                        0.6082091331481934
                    ],
                    [
                        -0.4306478500366211,
                        0.8634378910064697,
                        0.2627117931842804
                    ],
                    [
                        -0.4730561375617981,
                        -0.46384671330451965,
                        0.7490421533584595
                    ]
                ],
                [
                    [
                        0.9821459650993347,
                        -0.06799792498350143,
                        -0.17540131509304047
                    ],
                    [
                        0.08747421950101852,
                        0.9905319213867188,
                        0.10580498725175858
                    ],
                    [
                        0.1665460765361786,
                        -0.11925903707742691,
                        0.9787949919700623
                    ]
                ],
                [
                    [
                        0.7566133737564087,
                        0.20433810353279114,
                        -0.6211135387420654
                    ],
                    [
                        -0.011571974493563175,
                        0.9539505839347839,
                        0.29974058270454407
                    ],
                    [
                        0.6537600159645081,
                        -0.21960021555423737,
                        0.7241363525390625
                    ]
                ],
                [
                    [
                        0.695428192615509,
                        -0.3696397840976715,
                        0.6162354350090027
                    ],
                    [
                        0.1516183465719223,
                        0.9137264490127563,
                        0.37698251008987427
                    ],
                    [
                        -0.702418327331543,
                        -0.1687316745519638,
                        0.6914753317832947
                    ]
                ],
                [
                    [
                        0.88312828540802,
                        0.043859247118234634,
                        -0.46707677841186523
                    ],
                    [
                        0.014009778387844563,
                        0.9927104711532593,
                        0.11970613151788712
                    ],
                    [
                        0.4689222276210785,
                        -0.11225951462984085,
                        0.8760762214660645
                    ]
                ],
                [
                    [
                        0.9587622284889221,
                        0.013168464414775372,
                        0.2839042842388153
                    ],
                    [
                        -0.052942465990781784,
                        0.989716649055481,
                        0.1328834891319275
                    ],
                    [
                        -0.279234915971756,
                        -0.1424342691898346,
                        0.949600100517273
                    ]
                ],
                [
                    [
                        0.9968942403793335,
                        -0.07484970986843109,
                        0.024482589215040207
                    ],
                    [
                        0.07843492925167084,
                        0.9158149361610413,
                        -0.39386656880378723
                    ],
                    [
                        0.007059277966618538,
                        0.39456358551979065,
                        0.9188414812088013
                    ]
                ],
                [
                    [
                        0.9805307984352112,
                        0.19031943380832672,
                        -0.04835318773984909
                    ],
                    [
                        -0.19534683227539062,
                        0.920354962348938,
                        -0.3388012647628784
                    ],
                    [
                        -0.019978366792201996,
                        0.34165072441101074,
                        0.9396147131919861
                    ]
                ],
                [
                    [
                        0.995959460735321,
                        0.06985586881637573,
                        -0.05643489584326744
                    ],
                    [
                        -0.06742987036705017,
                        0.9967618584632874,
                        0.043807025998830795
                    ],
                    [
                        0.059312328696250916,
                        -0.03982462361454964,
                        0.997444748878479
                    ]
                ],
                [
                    [
                        0.9981911778450012,
                        -0.046796057373285294,
                        0.037743765860795975
                    ],
                    [
                        0.04513932019472122,
                        0.9980282187461853,
                        0.04361272603273392
                    ],
                    [
                        -0.03971024602651596,
                        -0.04183011129498482,
                        0.9983353018760681
                    ]
                ]
            ]
        ],
        "cameraview": [
            [
                0.1313806176185608,
                0.6195447444915771,
                22.399133682250977
            ]
        ],
        "root": [
            [
                [
                    [
                        0.23943127691745758,
                        -0.37473586201667786,
                        0.8956817388534546
                    ],
                    [
                        -0.14202880859375,
                        -0.9261090755462646,
                        -0.349499374628067
                    ],
                    [
                        0.9604689478874207,
                        -0.04353152588009834,
                        -0.27496278285980225
                    ]
                ]
            ]
        ]